3959
1760
2713
498
1205
1339
1644
2578
12
2565
2782
1885
1327
3883
3883
80
8
3006
3551
647
1441
785
847
783
3555
2198
2160
2129
1306
1503
791
2592
3550
3199
3227
2478
2271
1042
3768
3473
3914
2527
37
1166
2612
787
958
1434
1595
2681
2743
2720
1875
691
2034
3763
620
186
3762
3400
2421
1356
1926
208
907
3186
797
2295
3121
2616
2045
1013
2442
72
3794
3316
3594
3046
93
597
1409
691
1350
1015
419
3286
3372
1284
2695
1241
2618
63
4059
694
890
3176
3960
2007
1574
1131
2361
1053
455
2968
260
2705
3252
1734
2375
658
1138
1143
763
3584
68
2511
2870
2289
3144
821
1334
3415
620
3650
3180
3332
3775
1691
2199
1886
787
3845
839
3900
3276
2458
2303
2409
3539
3682
1952
4098
870
728
79
2596
2670
1842
1664
939
2654
20
1246
1087
1154
811
11
2771
1423
1841
1948
2463
1463
3199
647
4074
4020
3674
292
2572
3634
3097
2811
422
2618
3713
3582
76
3203
3993
3272
1769
3043
1527
1571
947
1793
2909
1163
4184
431
3312
4128
2322
2243
1069
1782
1175
3326
2361
939
3918
1193
3507
3662
1494
2574
1085
2075
1818
2938
1054
1155
970
1067
3656
892
2098
2244
2874
1917
2738
3069
713
1514
473
221
723
294
2253
3056
2751
2958
2440
3053
1460
1145
384
1357
1645
383
3860
3743
2912
3216
2235
3720
973
3041
1816
2418
1744
2229
581
3733
4135
999
3392
1921
1724
3551
3161
3118
3401
2998
1247
2306
890
1374
398
2199
3007
119
3842
4228
2784
3435
2949
2875
2117
2254
1693
1870
3784
445
438
4266
229
1513
3454
83
3448
3470
1784
3899
2620
2477
1759
2552
3017
1698
130
982
54
197
413
968
3227
339
3834
206
2824
3149
1923
1848
1411
2344
1446
3215
430
992
1051
920
354
1519
3404
769
4051
3301
2578
62
2792
3354
1989
3405
1569
2228
2170
2149
1306
884
889
2392
3738
1147
791
3867
4046
49
3032
3806
3368
4290
2067
94
1623
2950
1658
1835
2689
1938
629
1445
896
255
624
1508
51
1278
900
254
4071
862
3624
2468
3137
3690
3487
4292
941
2471
3659
2508
2303
2513
1561
1562
871
1010
554
1022
3432
4382
1188
1806
3953
1954
4104
19
2724
3839
3749
93
1861
3775
3650
3640
2611
2906
605
2845
1897
2804
2184
3946
2436
2058
968
1543
1332
1663
4048
1024
26
117
471
1273
3795
696
4172
4320
3314
449
3275
3591
3277
3134
3676
1364
1718
3057
2725
3246
3816
3371
1569
2426
2118
2721
1673
3621
1457
2444
2399
2364
2496
2741
1465
1487
436
1465
2383
2215
3778
785
597
698
327
1233
4260
4270
202
457
577
1181
3505
364
63
245
225
191
3156
434
3760
4299
3674
4011
2606
3711
3319
3609
3283
4462
3687
3806
2693
3064
2826
154
2010
3110
3191
3758
3632
4292
2444
3138
2140
3348
1858
3831
2438
2367
3168
2933
2749
4019
2292
2895
2131
2752
2217
2656
1606
2645
2175
3015
1520
3204
1970
1744
1776
2650
1921
4503
1880
1937
1760
2785
1803
1355
416
1920
1294
1548
1557
2569
973
3083
2432
3112
1502
2971
1050
1319
2197
856
2557
4053
4525
3183
1908
2915
2638
2203
1162
2446
1924
3945
1338
3064
2041
2874
2712
2581
2244
3442
2539
2589
2279
2669
2146
3609
1626
3350
2469
2625
2143
3895
2448
3163
2011
2997
2849
4487
2330
2728
3142
2977
3665
4256
2465
3838
2914
4461
3435
4116
1792
197
3590
4549
4243
567
3787
3932
3184
4386
180
1526
1786
1090
245
818
1178
884
3144
728
4091
677
4581
1832
359
1863
1044
1581
1405
2629
1031
1418
1987
1135
1561
2771
916
2319
1353
2438
1563
3414
1259
2831
1804
3032
2719
333
2761
2519
3868
3436
144
4223
1034
4124
3340
4388
44
1137
3503
1091
4075
646
207
1172
93
488
99
2003
1354
1876
4393
1069
1595
1961
2159
3238
1300
2984
2159
2737
2766
4624
1394
3286
3895
4528
3371
886
3215
3412
3977
335
4501
1205
2767
1331
664
1263
2035
2250
656
1625
1048
2255
1689
3440
1434
3102
3103
3131
3195
4114
1790
2874
3032
4176
3533
4706
3559
338
387
403
282
1874
456
991
453
1553
1375
4400
382
2266
2398
3045
3296
3311
2194
3652
3150
3991
3659
940
2998
1226
143
321
49
1594
1129
674
1748
1702
2164
2510
97
4079
2516
2562
3878
3376
2672
2967
4528
209
4473
1654
3762
51
729
1405
282
1068
413
1116
2218
2058
2042
2572
2483
4022
3495
3892
4663
1383
3523
4332
4246
542
483
2985
4166
1199
2875
2643
2786
3481
2313
3942
1062
3066
2597
333
3029
57
510
2078
810
1818
795
1142
353
2183
2621
3463
4672
2725
2648
3722
3915
199
3633
133
458
566
900
3013
920
1087
1085
2555
2990
3416
1570
3751
2494
4312
4607
1977
3911
1809
200
640
1231
2794
1527
1123
1988
2961
3272
4836
1421
33
3710
1205
1258
639
4147
1734
1347
2620
2497
4449
2519
4180
2921
4713
4871
1190
1420
462
822
1474
1569
2781
1012
2658
2043
2832
4511
4871
3378
3941
31
416
501
2912
769
1045
2162
3704
3558
3095
2971
4284
3292
4843
4483
1922
4381
2068
2575
3265
2536
3763
2632
3185
4375
770
4562
2405
3129
1049
1227
2996
2771
3151
2729
3951
3702
4562
4364
1468
4423
1111
1833
2433
2404
4365
2785
3569
3431
4820
4766
632
3885
2675
1009
2010
2261
4033
2816
3165
3747
3587
3737
2101
4452
1477
1858
3158
2898
3270
1863
3820
3496
3489
986
1809
308
1158
1893
3378
2392
3700
2532
2865
4966
4357
4816
2384
260
1850
1288
2891
4642
2998
3258
3804
4212
529
4696
3575
1443
1939
4077
3739
3503
1233
4964
3977
68
