9
10 217566
27350991 60177444 51524054 2128752 26772568 74946176 94795775 20861084 22714317 88871615
10 833981
43735927 74823456 62305972 62807059 79163043 19936643 4125690 66715459 78936610 77055983
10 820372
62014409 81880591 93847469 52599667 3969010 27059631 16682988 17086768 72482041 4354628
10 153151
93736385 43633762 42897410 76969912 22166317 37528131 26097347 57594648 98409382 47332167
10 994238
98764699 3592558 47517303 90811438 15908861 18461408 30825581 7923537 4569023 56425317
10 1
4 20 20 5 34 34 42 48 21 49
30 187768
33354481 17206141 93920654 87285384 6001228 45069228 76213680 71576460 32961927 23225113 76782856 21121880 43224634 35510888 6264979 92542403 11211745 81308356 23354733 63003240 61514845 35784792 25709914 65744934 897138 31499991 66837822 41777313 42058567 5346549
4 4
44 111 11 18
4 4
44 112 11 18