99 98
1 2
2 3
2 4
3 5
4 6
4 7
5 8
6 9
6 10
7 11
7 12
8 13
8 14
9 15
10 16
11 17
11 18
12 19
13 20
14 21
15 22
15 23
16 24
16 25
17 26
17 27
18 28
18 29
19 30
20 31
21 32
22 33
23 34
24 35
25 36
26 37
27 38
28 39
28 40
29 41
29 42
30 43
31 44
32 45
33 46
34 47
34 48
35 49
35 50
36 51
36 52
37 53
37 54
38 55
39 56
40 57
41 58
42 59
43 60
44 61
45 62
45 63
46 64
46 65
47 66
47 67
48 68
49 69
50 70
50 71
51 72
51 73
52 74
53 75
54 76
55 77
56 78
57 79
57 80
58 81
58 82
59 83
60 84
61 85
61 86
62 87
62 88
63 89
63 90
64 91
65 92
65 93
66 94
67 95
67 96
68 97
68 98
69 99
88
81 3
50 28
57 46
50 40
50 36
26 63
73 80
10 75
71 89
67 73
31 30
35 83
68 81
81 83
32 3
23 26
99 56
18 12
60 31
44 58
13 28
47 4
68 66
69 79
83 40
33 43
60 73
72 5
63 8
35 46
4 1
95 75
84 19
37 52
31 75
84 2
25 30
93 98
5 6
22 71
53 96
8 49
94 39
56 85
49 98
34 93
89 9
41 88
92 17
4 4
70 11
8 56
54 63
76 82
66 57
9 71
92 72
11 55
77 55
50 34
4 7
4 30
49 57
32 58
93 87
79 22
17 18
63 36
10 23
38 88
11 56
35 71
52 65
12 67
53 60
36 88
31 69
99 34
60 14
25 63
93 7
8 11
67 48
61 32
82 68
43 43
78 7
48 63
