137 136
1 2
1 3
2 4
2 5
3 6
4 7
5 8
6 9
7 10
8 11
8 12
9 13
10 14
11 15
12 16
13 17
13 18
14 19
15 20
16 21
17 22
17 23
18 24
18 25
19 26
19 27
20 28
21 29
21 30
22 31
22 32
23 33
24 34
25 35
26 36
26 37
27 38
28 39
28 40
29 41
29 42
30 43
31 44
32 45
32 46
33 47
33 48
34 49
34 50
35 51
35 52
36 53
37 54
38 55
38 56
39 57
40 58
40 59
41 60
41 61
42 62
43 63
44 64
45 65
46 66
46 67
47 68
48 69
48 70
49 71
49 72
50 73
51 74
51 75
52 76
52 77
53 78
53 79
54 80
55 81
55 82
56 83
56 84
57 85
57 86
58 87
59 88
60 89
61 90
62 91
62 92
63 93
64 94
65 95
65 96
66 97
67 98
67 99
68 100
69 101
69 102
70 103
71 104
71 105
72 106
72 107
73 108
73 109
74 110
74 111
75 112
75 113
76 114
76 115
77 116
77 117
78 118
78 119
79 120
80 121
81 122
81 123
82 124
82 125
83 126
83 127
84 128
84 129
85 130
86 131
86 132
87 133
88 134
89 135
90 136
91 137
8
84 52
135 109
17 98
123 48
110 64
110 107
64 7
54 57
