75 74
1 2
2 3
2 4
3 5
3 6
4 7
4 8
5 9
5 10
6 11
7 12
8 13
9 14
9 15
10 16
11 17
11 18
12 19
13 20
13 21
14 22
14 23
15 24
15 25
16 26
17 27
17 28
18 29
18 30
19 31
20 32
21 33
21 34
22 35
22 36
23 37
24 38
25 39
25 40
26 41
26 42
27 43
28 44
29 45
29 46
30 47
30 48
31 49
31 50
32 51
33 52
33 53
34 54
34 55
35 56
36 57
37 58
37 59
38 60
38 61
39 62
40 63
41 64
41 65
42 66
43 67
43 68
44 69
44 70
45 71
45 72
46 73
47 74
47 75
18
36 45
15 49
67 70
69 29
13 24
36 36
9 50
21 20
26 35
34 16
15 31
28 42
8 36
31 47
65 14
35 58
39 48
17 16
