1177 1176
1 2
2 3
3 4
4 5
4 6
5 7
5 8
6 9
7 10
8 11
8 12
9 13
10 14
11 15
11 16
12 17
13 18
14 19
15 20
16 21
17 22
18 23
18 24
19 25
19 26
20 27
20 28
21 29
22 30
22 31
23 32
23 33
24 34
25 35
25 36
26 37
27 38
28 39
28 40
29 41
30 42
31 43
32 44
33 45
33 46
34 47
34 48
35 49
36 50
37 51
37 52
38 53
38 54
39 55
40 56
41 57
42 58
43 59
44 60
45 61
45 62
46 63
47 64
47 65
48 66
48 67
49 68
50 69
51 70
51 71
52 72
53 73
54 74
54 75
55 76
55 77
56 78
56 79
57 80
58 81
58 82
59 83
60 84
61 85
62 86
62 87
63 88
64 89
64 90
65 91
66 92
66 93
67 94
68 95
69 96
69 97
70 98
71 99
72 100
73 101
74 102
75 103
75 104
76 105
77 106
77 107
78 108
79 109
79 110
80 111
80 112
81 113
82 114
82 115
83 116
83 117
84 118
85 119
85 120
86 121
87 122
88 123
88 124
89 125
90 126
90 127
91 128
92 129
92 130
93 131
94 132
94 133
95 134
95 135
96 136
97 137
97 138
98 139
99 140
100 141
101 142
101 143
102 144
103 145
104 146
104 147
105 148
105 149
106 150
107 151
108 152
109 153
109 154
110 155
111 156
111 157
112 158
112 159
113 160
113 161
114 162
114 163
115 164
115 165
116 166
117 167
118 168
119 169
120 170
121 171
121 172
122 173
122 174
123 175
123 176
124 177
124 178
125 179
125 180
126 181
126 182
127 183
128 184
129 185
129 186
130 187
130 188
131 189
131 190
132 191
132 192
133 193
133 194
134 195
134 196
135 197
135 198
136 199
136 200
137 201
138 202
139 203
140 204
141 205
142 206
142 207
143 208
144 209
145 210
146 211
147 212
148 213
149 214
149 215
150 216
150 217
151 218
152 219
153 220
154 221
155 222
155 223
156 224
157 225
157 226
158 227
158 228
159 229
160 230
161 231
162 232
163 233
163 234
164 235
165 236
165 237
166 238
167 239
168 240
169 241
170 242
170 243
171 244
171 245
172 246
172 247
173 248
173 249
174 250
174 251
175 252
176 253
176 254
177 255
177 256
178 257
178 258
179 259
180 260
181 261
182 262
183 263
183 264
184 265
185 266
185 267
186 268
187 269
187 270
188 271
188 272
189 273
190 274
191 275
192 276
192 277
193 278
194 279
194 280
195 281
195 282
196 283
197 284
197 285
198 286
198 287
199 288
200 289
200 290
201 291
202 292
202 293
203 294
203 295
204 296
205 297
206 298
206 299
207 300
207 301
208 302
208 303
209 304
210 305
210 306
211 307
212 308
212 309
213 310
214 311
214 312
215 313
216 314
217 315
217 316
218 317
218 318
219 319
219 320
220 321
220 322
221 323
221 324
222 325
222 326
223 327
224 328
225 329
225 330
226 331
226 332
227 333
227 334
228 335
229 336
229 337
230 338
231 339
232 340
232 341
233 342
233 343
234 344
235 345
235 346
236 347
237 348
237 349
238 350
239 351
240 352
240 353
241 354
242 355
243 356
243 357
244 358
244 359
245 360
245 361
246 362
246 363
247 364
247 365
248 366
249 367
250 368
251 369
252 370
253 371
254 372
254 373
255 374
256 375
256 376
257 377
258 378
259 379
259 380
260 381
260 382
261 383
261 384
262 385
263 386
263 387
264 388
264 389
265 390
266 391
266 392
267 393
267 394
268 395
268 396
269 397
269 398
270 399
271 400
271 401
272 402
272 403
273 404
274 405
275 406
275 407
276 408
277 409
277 410
278 411
278 412
279 413
280 414
281 415
281 416
282 417
283 418
284 419
284 420
285 421
285 422
286 423
287 424
288 425
289 426
289 427
290 428
290 429
291 430
292 431
293 432
293 433
294 434
295 435
295 436
296 437
296 438
297 439
298 440
298 441
299 442
300 443
301 444
302 445
303 446
303 447
304 448
304 449
305 450
306 451
307 452
307 453
308 454
308 455
309 456
310 457
311 458
311 459
312 460
313 461
314 462
314 463
315 464
315 465
316 466
316 467
317 468
318 469
319 470
320 471
321 472
321 473
322 474
323 475
323 476
324 477
325 478
326 479
326 480
327 481
327 482
328 483
329 484
329 485
330 486
330 487
331 488
331 489
332 490
332 491
333 492
333 493
334 494
335 495
335 496
336 497
336 498
337 499
338 500
338 501
339 502
339 503
340 504
340 505
341 506
342 507
342 508
343 509
343 510
344 511
345 512
345 513
346 514
347 515
348 516
348 517
349 518
349 519
350 520
351 521
351 522
352 523
352 524
353 525
353 526
354 527
354 528
355 529
356 530
357 531
358 532
359 533
360 534
361 535
361 536
362 537
362 538
363 539
363 540
364 541
365 542
366 543
367 544
367 545
368 546
368 547
369 548
370 549
371 550
371 551
372 552
373 553
374 554
375 555
376 556
377 557
378 558
379 559
379 560
380 561
381 562
382 563
383 564
384 565
384 566
385 567
385 568
386 569
387 570
388 571
389 572
389 573
390 574
391 575
392 576
392 577
393 578
393 579
394 580
395 581
396 582
397 583
398 584
398 585
399 586
399 587
400 588
401 589
401 590
402 591
402 592
403 593
403 594
404 595
404 596
405 597
405 598
406 599
406 600
407 601
408 602
409 603
410 604
410 605
411 606
411 607
412 608
413 609
413 610
414 611
415 612
416 613
416 614
417 615
418 616
419 617
420 618
421 619
421 620
422 621
423 622
423 623
424 624
424 625
425 626
426 627
426 628
427 629
427 630
428 631
429 632
430 633
431 634
432 635
432 636
433 637
434 638
434 639
435 640
435 641
436 642
436 643
437 644
438 645
438 646
439 647
439 648
440 649
441 650
442 651
443 652
443 653
444 654
445 655
446 656
447 657
448 658
448 659
449 660
449 661
450 662
451 663
452 664
453 665
454 666
455 667
455 668
456 669
457 670
458 671
458 672
459 673
460 674
460 675
461 676
462 677
462 678
463 679
464 680
464 681
465 682
466 683
467 684
468 685
469 686
469 687
470 688
470 689
471 690
471 691
472 692
473 693
474 694
474 695
475 696
475 697
476 698
477 699
477 700
478 701
479 702
479 703
480 704
480 705
481 706
481 707
482 708
483 709
483 710
484 711
485 712
485 713
486 714
486 715
487 716
487 717
488 718
489 719
489 720
490 721
491 722
492 723
493 724
493 725
494 726
495 727
495 728
496 729
497 730
497 731
498 732
498 733
499 734
500 735
501 736
502 737
503 738
504 739
504 740
505 741
505 742
506 743
506 744
507 745
508 746
508 747
509 748
509 749
510 750
510 751
511 752
512 753
513 754
513 755
514 756
515 757
516 758
516 759
517 760
517 761
518 762
519 763
519 764
520 765
521 766
522 767
523 768
524 769
524 770
525 771
526 772
526 773
527 774
528 775
529 776
529 777
530 778
531 779
531 780
532 781
533 782
533 783
534 784
534 785
535 786
536 787
537 788
537 789
538 790
538 791
539 792
539 793
540 794
541 795
542 796
543 797
544 798
545 799
546 800
547 801
547 802
548 803
548 804
549 805
550 806
551 807
552 808
552 809
553 810
553 811
554 812
555 813
555 814
556 815
557 816
558 817
559 818
560 819
561 820
561 821
562 822
563 823
564 824
564 825
565 826
565 827
566 828
566 829
567 830
567 831
568 832
568 833
569 834
570 835
570 836
571 837
572 838
573 839
573 840
574 841
575 842
576 843
577 844
577 845
578 846
579 847
580 848
580 849
581 850
582 851
583 852
583 853
584 854
584 855
585 856
585 857
586 858
587 859
587 860
588 861
589 862
590 863
590 864
591 865
592 866
593 867
594 868
594 869
595 870
595 871
596 872
596 873
597 874
598 875
598 876
599 877
599 878
600 879
601 880
602 881
602 882
603 883
603 884
604 885
604 886
605 887
606 888
606 889
607 890
608 891
608 892
609 893
610 894
611 895
611 896
612 897
613 898
613 899
614 900
614 901
615 902
615 903
616 904
617 905
618 906
619 907
619 908
620 909
620 910
621 911
622 912
622 913
623 914
624 915
625 916
626 917
627 918
627 919
628 920
629 921
629 922
630 923
631 924
631 925
632 926
633 927
634 928
634 929
635 930
635 931
636 932
636 933
637 934
637 935
638 936
638 937
639 938
639 939
640 940
640 941
641 942
642 943
642 944
643 945
644 946
645 947
646 948
647 949
648 950
648 951
649 952
649 953
650 954
651 955
651 956
652 957
653 958
654 959
654 960
655 961
655 962
656 963
656 964
657 965
658 966
659 967
660 968
661 969
662 970
663 971
664 972
665 973
666 974
666 975
667 976
668 977
669 978
670 979
671 980
672 981
673 982
674 983
674 984
675 985
675 986
676 987
676 988
677 989
677 990
678 991
679 992
680 993
680 994
681 995
682 996
682 997
683 998
684 999
685 1000
686 1001
686 1002
687 1003
688 1004
688 1005
689 1006
689 1007
690 1008
691 1009
692 1010
693 1011
694 1012
694 1013
695 1014
696 1015
696 1016
697 1017
697 1018
698 1019
698 1020
699 1021
699 1022
700 1023
701 1024
701 1025
702 1026
702 1027
703 1028
704 1029
704 1030
705 1031
705 1032
706 1033
706 1034
707 1035
708 1036
708 1037
709 1038
710 1039
711 1040
711 1041
712 1042
713 1043
713 1044
714 1045
714 1046
715 1047
716 1048
717 1049
717 1050
718 1051
719 1052
719 1053
720 1054
720 1055
721 1056
721 1057
722 1058
722 1059
723 1060
723 1061
724 1062
724 1063
725 1064
725 1065
726 1066
727 1067
727 1068
728 1069
728 1070
729 1071
729 1072
730 1073
731 1074
731 1075
732 1076
732 1077
733 1078
734 1079
734 1080
735 1081
735 1082
736 1083
737 1084
737 1085
738 1086
739 1087
739 1088
740 1089
741 1090
741 1091
742 1092
743 1093
743 1094
744 1095
745 1096
746 1097
746 1098
747 1099
748 1100
748 1101
749 1102
750 1103
751 1104
751 1105
752 1106
753 1107
754 1108
754 1109
755 1110
755 1111
756 1112
756 1113
757 1114
757 1115
758 1116
758 1117
759 1118
760 1119
760 1120
761 1121
762 1122
762 1123
763 1124
763 1125
764 1126
764 1127
765 1128
765 1129
766 1130
766 1131
767 1132
768 1133
768 1134
769 1135
770 1136
771 1137
772 1138
772 1139
773 1140
773 1141
774 1142
774 1143
775 1144
776 1145
776 1146
777 1147
777 1148
778 1149
778 1150
779 1151
779 1152
780 1153
781 1154
782 1155
783 1156
783 1157
784 1158
785 1159
786 1160
786 1161
787 1162
788 1163
789 1164
790 1165
791 1166
792 1167
792 1168
793 1169
793 1170
794 1171
795 1172
795 1173
796 1174
796 1175
797 1176
797 1177
1003
353 104
669 178
164 39
1025 776
450 360
1004 367
306 933
544 1024
427 666
808 243
944 330
388 65
1105 92
661 719
424 77
411 1147
73 76
1064 453
1170 1149
616 468
937 1087
223 716
1024 1055
90 383
204 1142
285 499
878 443
551 1070
1037 772
297 223
13 318
690 883
1 867
42 851
113 534
1014 995
645 766
1123 507
621 539
318 1037
650 617
1026 926
395 621
574 509
82 632
950 276
174 897
1068 55
38 392
581 481
545 764
609 867
63 269
267 453
108 692
558 739
66 538
528 806
65 732
539 622
943 522
871 535
1147 636
1165 836
747 345
52 433
417 197
162 783
168 1115
776 920
278 548
432 333
611 758
922 843
220 995
207 43
135 1060
95 610
890 583
942 859
86 272
363 1102
361 472
285 701
1027 618
975 374
727 35
469 513
545 700
393 1017
600 1062
308 220
971 377
493 602
757 368
908 196
844 566
246 768
1107 992
73 464
873 877
963 104
560 124
121 444
476 939
277 695
352 616
919 534
20 354
1117 283
634 1066
419 559
697 577
994 132
429 932
49 121
644 1053
543 1021
858 588
1081 1136
371 411
1031 814
325 738
936 882
824 644
387 366
1051 791
1155 211
877 941
306 420
1070 43
110 6
700 680
64 721
927 905
222 36
722 59
1107 444
375 577
669 418
99 1148
624 704
148 120
937 1072
528 102
588 711
948 591
168 229
367 500
1089 250
395 1008
247 22
771 254
175 234
833 820
1112 1099
332 729
1144 1060
1118 589
630 359
279 1019
810 938
1161 249
258 344
552 647
534 975
667 394
425 639
940 626
982 390
96 322
586 346
710 349
608 504
875 666
660 485
804 768
999 725
1019 600
339 150
272 909
396 522
919 95
787 344
461 6
852 86
549 707
327 89
556 550
44 476
363 644
894 116
1170 366
326 915
809 469
197 207
652 1008
1053 607
942 182
401 715
141 131
567 949
648 318
795 169
1172 187
460 948
988 203
465 995
218 203
926 927
123 651
361 668
394 238
987 696
677 107
865 559
139 442
603 669
607 1169
950 1143
197 155
868 427
130 131
843 1095
82 167
505 1016
1113 196
940 128
549 694
368 716
1171 108
226 916
882 79
834 99
629 878
741 318
547 391
850 758
201 372
498 602
147 719
1043 1122
527 285
48 134
956 640
366 381
223 286
480 336
638 273
766 247
21 1125
969 866
883 770
83 936
319 65
45 17
522 474
879 762
269 660
827 552
771 122
383 764
64 88
860 1020
1003 796
696 799
932 426
676 975
770 948
884 1006
150 627
966 183
889 662
961 421
1038 366
649 755
1116 184
802 733
65 691
1151 397
571 980
905 57
8 128
866 511
31 943
662 141
649 72
611 232
183 59
718 276
696 217
1147 1026
190 14
866 420
1151 651
415 797
1069 964
923 497
1098 1154
677 631
1079 760
1171 970
528 794
286 274
477 448
241 185
149 910
898 885
1168 1136
250 247
395 17
540 751
183 840
667 764
615 233
200 570
1117 752
877 1129
912 210
260 277
528 326
875 391
622 935
980 346
958 17
1175 674
536 680
1070 685
258 396
910 568
910 772
86 712
412 825
246 1048
714 132
216 1028
325 581
774 185
234 1066
946 47
742 639
387 235
704 242
50 245
430 625
204 696
951 633
757 37
973 1072
688 764
585 154
832 642
592 288
421 372
820 247
640 1130
463 1175
1010 20
470 637
244 846
254 1088
678 386
744 907
745 290
321 475
513 588
490 699
659 1090
400 1017
1102 888
97 872
289 327
1001 655
1034 569
28 587
281 593
225 71
725 13
228 1116
102 105
940 434
673 746
143 328
370 109
1094 667
126 933
322 263
198 471
71 4
67 750
476 680
920 813
1041 899
161 903
8 695
963 522
542 854
208 479
696 234
1063 159
325 804
363 561
32 515
758 761
1103 916
601 455
851 114
1030 327
663 114
652 515
464 184
272 411
520 187
1121 964
648 159
924 31
431 513
573 598
1116 931
40 71
801 961
199 589
1018 353
818 979
1104 442
1 1030
797 7
210 1008
612 1160
942 245
386 39
103 103
210 22
330 929
175 227
98 148
487 126
885 1027
938 443
145 565
894 1122
1024 1067
445 120
179 1167
381 365
757 477
36 254
641 1135
762 38
1104 850
173 459
1007 828
101 99
183 202
992 849
488 165
734 401
991 691
598 547
968 510
545 748
290 692
385 331
1031 76
536 427
800 558
146 346
672 808
880 1171
469 69
1007 1007
607 1135
944 974
506 905
442 920
122 353
209 1108
615 572
623 344
661 293
1104 479
976 1116
618 1092
252 113
766 537
909 95
36 51
197 1082
776 591
1080 720
869 878
878 537
907 217
1034 1012
1139 409
1043 1151
56 1052
228 458
758 624
138 1177
892 919
436 499
45 519
586 743
598 520
1168 249
525 1168
561 401
234 205
566 374
318 26
888 216
72 870
867 921
430 734
1071 801
674 717
112 703
872 901
965 34
954 187
344 286
325 557
367 1176
1119 555
726 1053
818 809
637 907
865 996
85 734
818 581
390 9
919 733
307 447
1134 195
976 585
1046 103
156 986
759 95
168 953
568 567
8 456
1030 70
1016 6
1124 95
107 564
440 45
35 131
448 230
111 808
129 146
990 481
763 128
552 663
662 4
670 394
490 667
378 283
64 398
374 549
168 249
286 880
938 906
16 501
613 1054
554 486
234 194
1005 178
223 1011
727 849
48 83
12 1066
741 123
319 99
395 829
1086 881
451 445
681 971
206 819
1158 338
1090 132
971 400
290 987
694 1099
212 282
677 1131
119 888
63 378
814 914
645 828
950 40
799 416
1163 776
150 708
797 1126
564 116
1126 626
812 516
450 413
589 1129
589 910
57 51
735 977
662 162
104 432
115 492
945 521
1147 766
332 271
516 44
479 474
413 654
228 108
356 783
445 558
674 659
144 201
877 199
683 265
1145 1079
533 471
169 669
824 611
391 479
736 818
842 291
211 342
888 173
998 64
268 221
257 401
1170 955
415 622
996 231
289 912
125 1137
1158 1168
1172 1108
417 211
43 185
1089 302
857 363
503 213
1069 637
25 880
1087 437
296 842
736 513
863 664
333 738
342 50
432 345
387 942
891 872
320 683
767 224
67 274
607 424
872 744
270 628
509 105
634 929
890 646
576 757
1082 983
775 851
573 1162
1120 401
690 46
620 61
531 138
170 479
368 723
710 438
750 773
657 696
1130 785
46 1058
506 891
31 1081
243 322
377 263
638 976
308 371
294 236
596 873
305 770
575 745
928 332
344 276
750 826
1048 564
281 1035
791 802
572 903
286 190
539 935
139 251
567 1159
907 476
519 273
832 236
1174 539
1160 6
496 1164
793 1001
1067 1149
1022 435
430 501
845 834
509 950
1140 1167
726 374
300 664
766 715
1112 174
1008 1162
877 830
1105 84
296 67
152 159
707 113
420 574
402 158
418 14
407 283
1135 159
400 941
444 804
868 724
1089 58
133 1144
253 1004
134 516
569 782
978 748
338 652
301 448
279 315
492 299
396 22
576 141
928 33
522 1135
637 980
462 141
36 519
578 84
63 961
696 1073
380 462
878 46
1161 180
672 231
625 249
15 1124
104 287
92 829
632 781
495 743
287 866
236 440
1010 885
812 1003
1005 230
65 426
31 1109
305 856
863 690
254 483
755 1106
249 1007
62 1051
154 423
432 137
180 26
97 584
1033 301
223 1060
1100 987
659 743
817 212
451 696
443 1137
954 830
197 1129
672 216
103 776
833 173
226 380
569 328
167 416
143 105
934 521
216 302
894 484
519 487
549 476
497 1051
874 213
672 409
1142 14
1026 569
648 367
118 652
585 266
277 575
925 343
479 349
923 625
367 489
611 521
115 547
851 266
1088 909
183 762
908 639
561 867
1043 127
856 439
433 878
84 947
747 420
308 249
1068 125
288 462
758 756
839 692
997 1165
782 215
794 635
644 1062
906 898
881 552
991 751
359 1167
946 1053
84 823
161 258
232 780
933 248
441 699
743 252
494 1061
72 39
183 1155
196 317
772 16
433 853
792 894
1079 344
505 750
819 779
475 104
595 985
48 391
499 594
1052 641
286 312
283 1035
218 1145
90 607
104 1114
402 1102
1172 1006
512 1105
992 15
247 253
782 476
466 532
857 88
506 799
879 992
963 1170
501 419
557 833
1138 864
894 7
746 462
761 570
452 44
518 668
123 749
137 297
1086 343
499 779
260 781
1165 646
44 711
1029 412
498 1176
178 979
78 312
872 144
749 473
214 267
891 806
855 705
712 119
522 712
1115 784
1087 125
998 179
457 352
994 716
1157 1159
387 116
760 917
199 617
347 504
130 276
326 497
108 320
450 656
595 675
288 1112
838 582
990 645
716 204
200 25
1021 977
476 142
178 274
175 463
146 1014
505 696
462 792
165 25
855 57
617 300
128 617
1064 475
606 290
887 991
294 464
994 943
1123 754
10 1014
264 390
731 892
577 601
988 314
1029 36
120 618
1092 773
146 136
973 511
1066 576
1100 511
692 655
903 400
574 726
808 1103
431 588
998 1148
1080 907
1100 673
702 739
169 455
1008 540
730 21
974 773
518 951
670 134
1103 300
916 740
712 729
990 482
62 582
1032 927
1046 136
42 533
42 10
889 508
679 812
1037 839
201 112
1170 790
727 129
650 576
1103 181
35 666
364 672
703 884
600 1002
240 461
1095 178
797 386
792 443
799 853
712 204
872 423
1083 633
325 275
310 862
882 475
388 318
573 16
578 525
583 282
274 34
610 1133
1065 334
