1490 1489
1 2
2 3
2 4
3 5
4 6
4 7
5 8
6 9
6 10
7 11
8 12
8 13
9 14
9 15
10 16
11 17
11 18
12 19
12 20
13 21
14 22
14 23
15 24
15 25
16 26
17 27
17 28
18 29
19 30
20 31
21 32
21 33
22 34
22 35
23 36
24 37
24 38
25 39
25 40
26 41
26 42
27 43
27 44
28 45
28 46
29 47
30 48
30 49
31 50
32 51
33 52
34 53
34 54
35 55
36 56
37 57
37 58
38 59
39 60
40 61
40 62
41 63
42 64
42 65
43 66
43 67
44 68
44 69
45 70
46 71
46 72
47 73
48 74
48 75
49 76
50 77
50 78
51 79
51 80
52 81
52 82
53 83
54 84
55 85
56 86
56 87
57 88
58 89
58 90
59 91
59 92
60 93
61 94
61 95
62 96
63 97
64 98
65 99
66 100
66 101
67 102
68 103
69 104
69 105
70 106
71 107
72 108
73 109
74 110
75 111
75 112
76 113
77 114
78 115
78 116
79 117
80 118
80 119
81 120
81 121
82 122
82 123
83 124
84 125
84 126
85 127
86 128
86 129
87 130
88 131
89 132
89 133
90 134
91 135
92 136
92 137
93 138
94 139
94 140
95 141
96 142
96 143
97 144
97 145
98 146
99 147
99 148
100 149
101 150
102 151
103 152
104 153
105 154
105 155
106 156
106 157
107 158
108 159
108 160
109 161
109 162
110 163
110 164
111 165
111 166
112 167
113 168
113 169
114 170
114 171
115 172
116 173
116 174
117 175
117 176
118 177
118 178
119 179
119 180
120 181
121 182
121 183
122 184
122 185
123 186
123 187
124 188
125 189
126 190
127 191
128 192
129 193
130 194
130 195
131 196
132 197
132 198
133 199
133 200
134 201
134 202
135 203
136 204
137 205
138 206
139 207
139 208
140 209
141 210
141 211
142 212
142 213
143 214
143 215
144 216
145 217
145 218
146 219
147 220
148 221
148 222
149 223
149 224
150 225
151 226
151 227
152 228
152 229
153 230
153 231
154 232
154 233
155 234
155 235
156 236
157 237
158 238
158 239
159 240
160 241
161 242
161 243
162 244
163 245
164 246
164 247
165 248
166 249
166 250
167 251
167 252
168 253
168 254
169 255
170 256
171 257
171 258
172 259
173 260
174 261
175 262
176 263
176 264
177 265
177 266
178 267
178 268
179 269
179 270
180 271
181 272
181 273
182 274
183 275
183 276
184 277
184 278
185 279
185 280
186 281
186 282
187 283
187 284
188 285
188 286
189 287
190 288
190 289
191 290
191 291
192 292
193 293
194 294
195 295
195 296
196 297
196 298
197 299
198 300
198 301
199 302
199 303
200 304
201 305
201 306
202 307
203 308
203 309
204 310
204 311
205 312
206 313
207 314
207 315
208 316
209 317
210 318
211 319
211 320
212 321
212 322
213 323
213 324
214 325
215 326
216 327
217 328
218 329
219 330
219 331
220 332
220 333
221 334
221 335
222 336
223 337
224 338
224 339
225 340
225 341
226 342
226 343
227 344
227 345
228 346
228 347
229 348
230 349
231 350
232 351
233 352
233 353
234 354
235 355
235 356
236 357
236 358
237 359
238 360
239 361
240 362
240 363
241 364
241 365
242 366
243 367
244 368
245 369
245 370
246 371
247 372
248 373
249 374
249 375
250 376
251 377
251 378
252 379
252 380
253 381
253 382
254 383
254 384
255 385
255 386
256 387
256 388
257 389
258 390
258 391
259 392
260 393
261 394
261 395
262 396
262 397
263 398
263 399
264 400
265 401
266 402
267 403
267 404
268 405
268 406
269 407
269 408
270 409
271 410
272 411
273 412
273 413
274 414
274 415
275 416
276 417
276 418
277 419
277 420
278 421
279 422
280 423
281 424
281 425
282 426
282 427
283 428
283 429
284 430
284 431
285 432
285 433
286 434
287 435
287 436
288 437
288 438
289 439
290 440
290 441
291 442
292 443
292 444
293 445
294 446
294 447
295 448
296 449
296 450
297 451
298 452
299 453
299 454
300 455
300 456
301 457
301 458
302 459
303 460
303 461
304 462
305 463
305 464
306 465
307 466
307 467
308 468
309 469
310 470
311 471
311 472
312 473
312 474
313 475
314 476
315 477
316 478
316 479
317 480
317 481
318 482
318 483
319 484
319 485
320 486
320 487
321 488
322 489
323 490
323 491
324 492
324 493
325 494
326 495
327 496
327 497
328 498
328 499
329 500
330 501
330 502
331 503
332 504
333 505
333 506
334 507
335 508
336 509
336 510
337 511
337 512
338 513
338 514
339 515
339 516
340 517
340 518
341 519
341 520
342 521
342 522
343 523
343 524
344 525
345 526
345 527
346 528
346 529
347 530
348 531
348 532
349 533
349 534
350 535
350 536
351 537
352 538
352 539
353 540
354 541
355 542
355 543
356 544
357 545
357 546
358 547
359 548
359 549
360 550
361 551
361 552
362 553
363 554
363 555
364 556
365 557
365 558
366 559
366 560
367 561
367 562
368 563
368 564
369 565
370 566
371 567
372 568
373 569
374 570
374 571
375 572
375 573
376 574
376 575
377 576
377 577
378 578
379 579
380 580
380 581
381 582
381 583
382 584
382 585
383 586
383 587
384 588
385 589
386 590
386 591
387 592
388 593
389 594
390 595
391 596
391 597
392 598
392 599
393 600
393 601
394 602
394 603
395 604
395 605
396 606
397 607
397 608
398 609
399 610
400 611
400 612
401 613
401 614
402 615
403 616
403 617
404 618
405 619
406 620
406 621
407 622
407 623
408 624
408 625
409 626
409 627
410 628
410 629
411 630
411 631
412 632
412 633
413 634
414 635
414 636
415 637
415 638
416 639
416 640
417 641
417 642
418 643
418 644
419 645
420 646
420 647
421 648
421 649
422 650
422 651
423 652
423 653
424 654
424 655
425 656
426 657
426 658
427 659
428 660
429 661
430 662
430 663
431 664
432 665
433 666
434 667
434 668
435 669
435 670
436 671
437 672
438 673
439 674
440 675
440 676
441 677
441 678
442 679
443 680
444 681
445 682
446 683
446 684
447 685
448 686
449 687
450 688
451 689
451 690
452 691
453 692
453 693
454 694
455 695
455 696
456 697
456 698
457 699
458 700
458 701
459 702
459 703
460 704
460 705
461 706
462 707
462 708
463 709
463 710
464 711
465 712
466 713
466 714
467 715
467 716
468 717
468 718
469 719
470 720
471 721
472 722
473 723
474 724
474 725
475 726
475 727
476 728
476 729
477 730
478 731
478 732
479 733
480 734
481 735
482 736
482 737
483 738
483 739
484 740
485 741
485 742
486 743
486 744
487 745
488 746
488 747
489 748
489 749
490 750
491 751
492 752
493 753
494 754
495 755
496 756
497 757
497 758
498 759
498 760
499 761
500 762
501 763
502 764
503 765
503 766
504 767
504 768
505 769
506 770
506 771
507 772
507 773
508 774
508 775
509 776
510 777
510 778
511 779
511 780
512 781
513 782
513 783
514 784
515 785
515 786
516 787
516 788
517 789
517 790
518 791
519 792
519 793
520 794
521 795
521 796
522 797
523 798
523 799
524 800
524 801
525 802
525 803
526 804
526 805
527 806
527 807
528 808
529 809
530 810
530 811
531 812
531 813
532 814
533 815
533 816
534 817
535 818
535 819
536 820
536 821
537 822
538 823
539 824
540 825
540 826
541 827
542 828
543 829
543 830
544 831
545 832
545 833
546 834
546 835
547 836
547 837
548 838
548 839
549 840
550 841
550 842
551 843
551 844
552 845
553 846
553 847
554 848
555 849
555 850
556 851
556 852
557 853
558 854
559 855
560 856
561 857
561 858
562 859
562 860
563 861
563 862
564 863
565 864
565 865
566 866
567 867
568 868
568 869
569 870
570 871
571 872
571 873
572 874
572 875
573 876
574 877
575 878
576 879
576 880
577 881
578 882
579 883
580 884
580 885
581 886
582 887
583 888
584 889
585 890
586 891
586 892
587 893
587 894
588 895
588 896
589 897
589 898
590 899
591 900
592 901
593 902
593 903
594 904
594 905
595 906
595 907
596 908
596 909
597 910
597 911
598 912
599 913
599 914
600 915
600 916
601 917
602 918
602 919
603 920
603 921
604 922
604 923
605 924
605 925
606 926
607 927
607 928
608 929
608 930
609 931
610 932
611 933
611 934
612 935
613 936
613 937
614 938
614 939
615 940
615 941
616 942
617 943
618 944
619 945
619 946
620 947
620 948
621 949
622 950
622 951
623 952
624 953
625 954
626 955
627 956
628 957
628 958
629 959
629 960
630 961
631 962
631 963
632 964
632 965
633 966
634 967
634 968
635 969
636 970
637 971
637 972
638 973
638 974
639 975
640 976
640 977
641 978
641 979
642 980
642 981
643 982
643 983
644 984
645 985
646 986
646 987
647 988
647 989
648 990
648 991
649 992
649 993
650 994
651 995
652 996
652 997
653 998
653 999
654 1000
654 1001
655 1002
656 1003
657 1004
658 1005
659 1006
659 1007
660 1008
660 1009
661 1010
661 1011
662 1012
662 1013
663 1014
664 1015
665 1016
666 1017
667 1018
668 1019
669 1020
669 1021
670 1022
670 1023
671 1024
671 1025
672 1026
672 1027
673 1028
673 1029
674 1030
674 1031
675 1032
675 1033
676 1034
677 1035
677 1036
678 1037
679 1038
679 1039
680 1040
681 1041
681 1042
682 1043
682 1044
683 1045
683 1046
684 1047
684 1048
685 1049
685 1050
686 1051
687 1052
687 1053
688 1054
688 1055
689 1056
689 1057
690 1058
691 1059
691 1060
692 1061
693 1062
693 1063
694 1064
695 1065
695 1066
696 1067
697 1068
698 1069
698 1070
699 1071
700 1072
701 1073
701 1074
702 1075
702 1076
703 1077
703 1078
704 1079
704 1080
705 1081
705 1082
706 1083
706 1084
707 1085
707 1086
708 1087
708 1088
709 1089
709 1090
710 1091
711 1092
711 1093
712 1094
712 1095
713 1096
713 1097
714 1098
714 1099
715 1100
715 1101
716 1102
717 1103
718 1104
719 1105
719 1106
720 1107
721 1108
721 1109
722 1110
723 1111
724 1112
725 1113
725 1114
726 1115
727 1116
727 1117
728 1118
728 1119
729 1120
729 1121
730 1122
731 1123
731 1124
732 1125
732 1126
733 1127
733 1128
734 1129
734 1130
735 1131
735 1132
736 1133
736 1134
737 1135
738 1136
739 1137
739 1138
740 1139
741 1140
742 1141
743 1142
744 1143
745 1144
746 1145
747 1146
748 1147
749 1148
750 1149
750 1150
751 1151
752 1152
753 1153
754 1154
755 1155
755 1156
756 1157
757 1158
758 1159
758 1160
759 1161
760 1162
761 1163
761 1164
762 1165
763 1166
763 1167
764 1168
765 1169
765 1170
766 1171
767 1172
767 1173
768 1174
769 1175
770 1176
770 1177
771 1178
771 1179
772 1180
773 1181
774 1182
774 1183
775 1184
776 1185
777 1186
777 1187
778 1188
778 1189
779 1190
780 1191
780 1192
781 1193
782 1194
783 1195
784 1196
784 1197
785 1198
785 1199
786 1200
787 1201
788 1202
788 1203
789 1204
789 1205
790 1206
790 1207
791 1208
792 1209
793 1210
793 1211
794 1212
795 1213
795 1214
796 1215
796 1216
797 1217
798 1218
799 1219
800 1220
801 1221
801 1222
802 1223
802 1224
803 1225
803 1226
804 1227
805 1228
805 1229
806 1230
807 1231
807 1232
808 1233
809 1234
809 1235
810 1236
811 1237
812 1238
813 1239
813 1240
814 1241
815 1242
816 1243
816 1244
817 1245
818 1246
819 1247
819 1248
820 1249
820 1250
821 1251
822 1252
822 1253
823 1254
824 1255
825 1256
826 1257
827 1258
827 1259
828 1260
828 1261
829 1262
830 1263
830 1264
831 1265
831 1266
832 1267
832 1268
833 1269
834 1270
835 1271
836 1272
837 1273
838 1274
838 1275
839 1276
839 1277
840 1278
841 1279
841 1280
842 1281
843 1282
844 1283
845 1284
846 1285
846 1286
847 1287
847 1288
848 1289
848 1290
849 1291
850 1292
851 1293
851 1294
852 1295
853 1296
853 1297
854 1298
855 1299
855 1300
856 1301
857 1302
857 1303
858 1304
858 1305
859 1306
859 1307
860 1308
860 1309
861 1310
862 1311
862 1312
863 1313
864 1314
864 1315
865 1316
865 1317
866 1318
867 1319
867 1320
868 1321
869 1322
869 1323
870 1324
871 1325
871 1326
872 1327
873 1328
874 1329
875 1330
876 1331
876 1332
877 1333
877 1334
878 1335
878 1336
879 1337
879 1338
880 1339
881 1340
882 1341
883 1342
883 1343
884 1344
885 1345
885 1346
886 1347
886 1348
887 1349
887 1350
888 1351
888 1352
889 1353
889 1354
890 1355
890 1356
891 1357
891 1358
892 1359
893 1360
894 1361
894 1362
895 1363
895 1364
896 1365
897 1366
898 1367
898 1368
899 1369
899 1370
900 1371
900 1372
901 1373
902 1374
902 1375
903 1376
903 1377
904 1378
905 1379
905 1380
906 1381
906 1382
907 1383
908 1384
909 1385
909 1386
910 1387
910 1388
911 1389
912 1390
913 1391
914 1392
914 1393
915 1394
916 1395
917 1396
917 1397
918 1398
919 1399
920 1400
921 1401
921 1402
922 1403
922 1404
923 1405
924 1406
924 1407
925 1408
926 1409
927 1410
927 1411
928 1412
928 1413
929 1414
929 1415
930 1416
930 1417
931 1418
931 1419
932 1420
932 1421
933 1422
933 1423
934 1424
934 1425
935 1426
935 1427
936 1428
937 1429
937 1430
938 1431
939 1432
939 1433
940 1434
941 1435
941 1436
942 1437
942 1438
943 1439
943 1440
944 1441
945 1442
946 1443
946 1444
947 1445
947 1446
948 1447
948 1448
949 1449
950 1450
951 1451
952 1452
952 1453
953 1454
953 1455
954 1456
954 1457
955 1458
955 1459
956 1460
956 1461
957 1462
957 1463
958 1464
958 1465
959 1466
959 1467
960 1468
960 1469
961 1470
962 1471
962 1472
963 1473
964 1474
964 1475
965 1476
966 1477
967 1478
968 1479
968 1480
969 1481
970 1482
970 1483
971 1484
971 1485
972 1486
972 1487
973 1488
974 1489
974 1490
1108
156 492
509 530
989 183
669 139
906 130
1071 354
228 101
850 440
176 1162
293 361
1027 847
184 84
757 250
167 833
1352 27
135 1364
1238 1401
893 1156
1016 732
346 345
1086 943
1263 275
1228 481
1281 1194
580 452
1115 646
1056 525
261 937
384 683
1107 724
591 1211
1168 1126
1052 237
718 418
913 1340
1393 150
177 710
88 1107
863 227
1406 1054
53 1212
1435 628
940 91
1428 519
1119 346
731 482
725 37
96 932
36 886
91 523
470 326
1073 922
903 678
365 242
1012 56
983 349
492 236
311 364
108 895
1034 1322
817 1479
89 468
1403 1421
1157 369
286 818
697 1454
834 1001
93 1473
112 1198
972 224
780 1475
1400 1159
178 825
1036 652
404 838
755 767
648 229
1039 108
982 359
495 736
931 1055
1234 811
754 791
666 710
765 1190
421 9
651 346
809 837
860 1247
1415 1018
741 112
1107 970
1262 1467
225 1323
1292 1285
803 180
401 284
1458 970
1195 1091
1018 1308
1114 1024
1354 450
1472 542
1258 1204
48 1066
1206 561
1444 1439
629 976
1126 356
713 1235
1072 973
10 594
735 537
1281 1165
355 974
635 42
1472 310
841 942
815 1473
1012 865
461 1302
685 15
43 1164
1423 580
707 485
303 633
1469 423
1373 854
356 1324
518 681
166 129
54 917
994 1074
510 1387
730 49
1320 1288
780 1093
515 851
1370 251
807 360
832 279
1259 92
7 275
569 1192
190 166
853 588
1243 628
747 1295
338 844
435 106
1395 715
635 115
874 1489
1289 743
1476 720
442 1380
1457 1065
1058 840
953 711
9 495
1336 150
1235 59
823 1105
1176 8
1295 414
333 1202
309 12
854 905
615 1140
1421 303
231 19
1329 556
1431 627
216 24
40 722
756 109
1163 463
312 1245
413 1488
1412 1082
1122 1264
1079 1138
1014 1315
842 581
818 1119
1256 927
1019 1133
850 1064
1015 334
1437 394
350 1000
442 1288
738 1140
447 676
349 768
813 171
430 42
1469 78
867 1341
129 392
1182 754
944 620
198 1305
1459 401
241 898
678 382
25 715
232 179
768 515
448 937
741 1294
485 653
1173 349
261 683
237 751
558 381
416 253
506 1037
1187 30
1093 197
1457 473
1298 910
280 108
842 379
1456 1313
282 1445
1473 1305
1164 1327
781 892
498 1300
1039 783
662 496
1410 690
1426 1150
141 304
839 490
1017 475
183 1351
764 1421
332 691
1193 328
1316 809
351 751
484 1135
942 1488
772 392
1182 1048
1470 792
1240 1335
1017 1268
755 685
1205 1263
1258 580
982 443
224 1185
846 210
1032 1435
1173 872
287 565
148 1094
1076 14
1364 1117
446 1286
546 562
493 1039
1177 394
415 724
1088 1174
1454 558
342 897
571 976
923 311
957 1198
616 919
450 636
1431 786
884 266
1091 830
432 32
323 534
727 712
633 1334
1354 1244
199 518
866 767
733 356
214 590
914 324
1061 54
749 146
1227 406
970 1105
432 896
880 1083
1048 113
1325 864
408 529
774 1402
224 12
621 507
310 85
1197 1192
568 251
126 1096
165 1396
1070 822
1075 1079
308 914
983 1277
189 1262
1436 1042
933 1271
1452 56
1140 604
252 523
453 726
1030 1367
1047 729
1251 737
252 753
1128 1008
1121 1057
771 646
1086 891
1048 929
1382 186
135 297
1317 297
806 1379
1368 1335
967 603
844 355
1465 830
503 611
235 910
1448 696
742 627
103 342
47 382
1204 1124
918 181
560 462
929 171
634 337
265 461
369 297
967 1456
607 1096
420 1105
13 871
294 252
1162 576
22 1385
1146 1088
174 1012
188 463
1046 572
692 1340
370 971
1458 444
1027 718
532 107
1407 998
1073 949
219 1485
37 1097
344 1266
586 969
1333 1439
288 1135
351 827
334 191
1283 875
943 1278
60 1305
965 1453
617 1375
1320 1163
593 1124
1422 1121
281 701
828 977
59 916
521 42
1237 436
1451 1423
1489 694
1080 578
1023 17
1129 1098
710 983
1320 1416
254 534
648 482
1370 1218
602 1422
229 18
1247 573
482 509
1487 586
354 53
101 88
1400 1088
873 1023
99 345
1041 684
1357 1102
797 543
545 493
40 585
577 1261
1105 1320
221 948
823 1368
111 1100
39 961
1140 124
985 713
754 1348
828 443
948 811
802 1432
345 866
643 986
374 498
175 280
1221 1474
283 1013
709 1125
1309 1448
1073 799
1253 55
189 905
554 49
42 482
1110 203
157 1148
625 462
1489 1123
1043 601
133 128
9 543
426 525
1354 632
215 419
1152 666
731 352
648 797
349 1141
33 665
846 857
936 1306
528 745
1181 880
496 825
910 1353
1188 1490
572 335
1375 552
616 1259
1401 313
1198 475
29 556
1451 306
377 675
636 478
956 295
596 1293
500 1459
63 784
443 231
456 249
1337 304
503 329
178 887
469 802
617 307
329 40
1280 551
191 976
1103 473
959 446
79 1086
512 1452
1079 1410
190 1206
783 707
761 821
86 401
197 879
263 1349
617 681
718 1123
1005 619
598 1304
1074 492
994 918
349 812
468 941
78 1445
1229 77
872 537
1192 1054
897 745
1386 1442
1088 1094
1 680
182 1342
900 1134
331 1112
65 1424
1141 1458
802 1041
1464 830
1193 41
787 1281
1283 1266
422 67
1242 263
957 418
1338 1474
864 1188
699 1061
523 1408
369 408
63 67
1352 980
1448 966
796 1015
862 1489
1444 460
647 123
382 1195
1132 378
125 1163
32 663
591 108
126 287
646 1325
871 1305
229 353
1371 232
277 978
353 131
669 404
1210 943
1204 6
1346 1093
499 1385
852 300
592 717
903 443
817 874
388 47
3 762
1310 260
963 846
1419 166
374 1216
1074 717
872 46
736 1034
898 276
541 1094
949 1452
1448 545
626 1281
587 952
1169 83
1034 456
1408 1484
1201 317
1483 1340
28 751
1058 102
210 196
1343 467
97 741
1309 978
155 1373
1430 801
217 511
132 1468
508 352
98 1283
729 906
999 730
1373 142
679 627
487 95
564 739
1278 156
652 1425
373 999
990 1048
926 1145
476 451
357 342
707 1260
59 1209
1351 534
459 562
313 787
555 583
725 1165
574 181
1271 1440
1284 424
939 458
1485 595
854 151
782 609
96 1352
230 1211
1422 246
453 1364
508 859
1139 552
479 402
254 1184
970 450
1052 892
323 623
296 616
987 928
619 1179
507 843
1467 1156
409 1387
166 855
1037 1389
1059 730
1037 542
102 670
104 983
142 186
1418 595
79 423
1300 1214
366 532
710 251
60 1315
526 1331
1265 1409
641 916
810 215
1151 382
1258 1285
711 631
113 498
741 178
1161 766
1357 615
561 11
111 1191
294 292
307 191
1025 315
1219 757
56 765
929 466
838 1263
1094 22
1478 767
550 37
751 1199
1405 1371
1066 630
958 841
1252 71
489 1166
802 1367
243 1392
1298 994
1028 1448
321 938
688 529
729 1137
333 1428
1438 33
977 1324
1131 624
1014 218
410 222
893 884
486 1132
1235 1010
1104 804
1154 349
306 755
1350 459
50 808
1327 868
152 780
423 892
951 488
668 877
398 434
652 130
104 861
1410 460
203 911
238 1379
868 1387
999 1406
621 268
206 574
266 504
1009 795
279 560
103 346
1007 713
105 617
30 538
39 814
129 435
829 1114
1259 1468
1076 574
739 1282
534 847
957 1402
1240 633
1264 1228
1162 1025
99 1207
1 1454
1275 328
316 20
237 1260
186 79
395 231
1390 1442
91 945
715 212
1107 598
313 496
907 480
538 521
666 565
1458 1262
672 1065
495 284
358 529
581 1070
843 1026
1342 1203
735 807
802 1167
639 922
1229 820
31 850
1350 1474
219 822
125 334
718 703
420 1245
333 13
810 301
1159 226
378 1065
328 34
1440 1240
1456 619
1305 1459
997 55
641 1032
883 484
738 113
109 103
665 125
412 347
1440 299
1424 1206
1105 1051
1320 87
359 10
1038 605
1488 170
771 232
1462 1439
466 1304
1197 305
812 393
484 1418
1357 488
288 924
875 1118
1231 336
272 444
1384 191
462 1172
1298 799
1189 1073
329 616
1 870
797 1477
238 555
1097 1138
639 14
634 720
1078 646
1324 205
1113 786
871 574
74 1155
1307 1358
615 433
927 624
689 1047
623 92
1177 1028
34 95
934 156
169 732
542 1058
1477 391
1232 239
1237 283
464 1217
363 798
764 590
738 52
136 1388
641 686
1275 738
1098 1304
672 227
1112 465
352 1176
611 595
1053 949
1366 165
545 889
732 425
167 175
495 1238
1158 550
494 415
864 948
950 648
1265 1015
1414 1449
351 219
437 988
889 1254
237 1218
1302 766
760 357
1453 1397
1417 424
1039 1105
1409 866
57 6
792 1216
1345 109
943 1377
1430 1142
1293 1370
572 610
1440 1357
485 283
1213 1217
178 398
1375 937
819 18
1292 989
1223 290
1298 999
863 344
1267 900
164 493
793 52
1318 8
1223 777
115 431
715 1238
588 1481
515 25
684 444
915 644
535 138
1310 131
515 573
326 626
254 641
395 101
1235 847
472 643
917 1358
632 476
1367 1344
1417 1390
955 577
552 772
701 629
1074 1014
448 874
1051 609
1322 498
109 459
72 17
147 83
188 992
1375 1419
841 952
1011 116
298 927
218 498
1013 259
160 908
1057 1025
316 296
67 1183
894 1178
1086 677
160 1307
1259 363
745 301
1338 1135
463 1258
1266 147
1339 86
162 873
60 1199
1009 170
485 567
906 274
1249 716
1154 902
1460 452
1233 75
296 512
1220 1031
177 578
484 1021
944 597
49 232
1278 226
300 1227
809 51
839 18
48 952
1416 917
417 1401
993 181
364 1112
1040 448
238 1451
331 507
559 1305
577 423
1215 196
331 493
1102 606
351 1013
1482 390
256 941
766 1080
1239 679
985 1185
21 1028
1257 438
547 522
1152 886
1187 1026
1298 8
233 229
207 384
761 1386
17 1213
126 889
855 375
323 337
592 498
1157 670
539 159
180 580
504 993
1099 1425
690 101
621 1116
1253 145
1300 909
1234 442
338 828
611 173
389 402
1209 446
19 813
1013 404
739 442
310 916
740 667
1445 1134
89 150
266 852
196 373
359 1290
1177 708
1396 1114
1434 834
1361 715
1340 1430
694 416
1240 1239
118 416
763 1058
587 965
158 822
342 513
603 1068
693 220
1134 1399
633 1399
211 791
1156 1202
744 381
534 561
269 499
374 730
889 1389
688 878
15 77
1022 370
1001 430
81 846
122 587
496 1483
889 1068
1411 635
729 417
169 798
298 1198
1407 50
700 604
206 86
31 1243
638 1240
720 1383
936 560
907 950
505 942
516 381
943 1438
700 753
1458 484
101 646
972 264
580 592
296 626
1174 310
10 1485
390 726
473 51
430 1102
876 767
629 992
805 51
266 1446
500 520
1399 975
1175 1339
585 1061
168 307
186 398
393 1402
1463 703
1083 1000
842 458
402 1371
483 245
1355 830
356 979
764 434
1248 817
908 180
645 782
1220 226
442 713
775 999
171 1069
260 1381
113 806
707 1310
182 1045
1011 295
69 1418
123 1392
971 1328
1143 982
1467 514
746 129
1323 414
1112 823
249 100
567 692
874 1230
1176 1423
461 1249
979 403
714 1421
1063 24
193 436
1158 1317
174 113
1018 879
171 2
