545 544
1 2
2 3
3 4
3 5
4 6
4 7
5 8
5 9
6 10
7 11
8 12
8 13
9 14
10 15
10 16
11 17
12 18
13 19
13 20
14 21
14 22
15 23
16 24
16 25
17 26
17 27
18 28
18 29
19 30
19 31
20 32
21 33
21 34
22 35
23 36
23 37
24 38
25 39
26 40
26 41
27 42
28 43
29 44
30 45
30 46
31 47
32 48
32 49
33 50
34 51
34 52
35 53
36 54
36 55
37 56
37 57
38 58
39 59
39 60
40 61
41 62
41 63
42 64
42 65
43 66
44 67
44 68
45 69
46 70
46 71
47 72
47 73
48 74
48 75
49 76
49 77
50 78
51 79
52 80
52 81
53 82
53 83
54 84
55 85
56 86
57 87
57 88
58 89
58 90
59 91
60 92
60 93
61 94
61 95
62 96
63 97
63 98
64 99
65 100
65 101
66 102
67 103
67 104
68 105
68 106
69 107
69 108
70 109
70 110
71 111
71 112
72 113
73 114
74 115
75 116
75 117
76 118
77 119
77 120
78 121
78 122
79 123
80 124
81 125
82 126
82 127
83 128
83 129
84 130
84 131
85 132
86 133
87 134
87 135
88 136
88 137
89 138
89 139
90 140
90 141
91 142
92 143
92 144
93 145
94 146
95 147
96 148
97 149
98 150
98 151
99 152
99 153
100 154
100 155
101 156
101 157
102 158
102 159
103 160
104 161
104 162
105 163
106 164
106 165
107 166
108 167
108 168
109 169
110 170
110 171
111 172
112 173
112 174
113 175
113 176
114 177
114 178
115 179
116 180
116 181
117 182
117 183
118 184
119 185
120 186
121 187
122 188
122 189
123 190
124 191
124 192
125 193
125 194
126 195
126 196
127 197
128 198
128 199
129 200
129 201
130 202
130 203
131 204
132 205
133 206
134 207
135 208
135 209
136 210
136 211
137 212
137 213
138 214
138 215
139 216
140 217
140 218
141 219
141 220
142 221
142 222
143 223
143 224
144 225
145 226
145 227
146 228
147 229
147 230
148 231
149 232
149 233
150 234
151 235
151 236
152 237
153 238
153 239
154 240
154 241
155 242
155 243
156 244
156 245
157 246
158 247
159 248
159 249
160 250
161 251
162 252
162 253
163 254
164 255
164 256
165 257
165 258
166 259
166 260
167 261
168 262
169 263
169 264
170 265
171 266
172 267
173 268
173 269
174 270
174 271
175 272
176 273
177 274
178 275
179 276
180 277
181 278
181 279
182 280
183 281
183 282
184 283
185 284
186 285
187 286
187 287
188 288
189 289
189 290
190 291
190 292
191 293
192 294
193 295
193 296
194 297
195 298
196 299
196 300
197 301
197 302
198 303
199 304
199 305
200 306
201 307
202 308
203 309
203 310
204 311
204 312
205 313
206 314
206 315
207 316
208 317
209 318
210 319
211 320
211 321
212 322
213 323
214 324
215 325
215 326
216 327
217 328
217 329
218 330
218 331
219 332
219 333
220 334
221 335
221 336
222 337
223 338
223 339
224 340
225 341
225 342
226 343
227 344
228 345
229 346
229 347
230 348
230 349
231 350
232 351
232 352
233 353
233 354
234 355
234 356
235 357
235 358
236 359
237 360
238 361
239 362
240 363
241 364
242 365
243 366
244 367
244 368
245 369
246 370
247 371
247 372
248 373
248 374
249 375
249 376
250 377
250 378
251 379
252 380
252 381
253 382
254 383
254 384
255 385
255 386
256 387
256 388
257 389
258 390
258 391
259 392
260 393
260 394
261 395
262 396
262 397
263 398
263 399
264 400
265 401
266 402
266 403
267 404
267 405
268 406
269 407
270 408
271 409
272 410
272 411
273 412
273 413
274 414
275 415
275 416
276 417
276 418
277 419
277 420
278 421
279 422
280 423
281 424
282 425
283 426
284 427
284 428
285 429
286 430
287 431
288 432
289 433
289 434
290 435
290 436
291 437
291 438
292 439
293 440
293 441
294 442
294 443
295 444
295 445
296 446
296 447
297 448
298 449
299 450
299 451
300 452
300 453
301 454
301 455
302 456
303 457
304 458
305 459
305 460
306 461
306 462
307 463
307 464
308 465
308 466
309 467
309 468
310 469
310 470
311 471
312 472
312 473
313 474
314 475
314 476
315 477
315 478
316 479
317 480
317 481
318 482
319 483
320 484
320 485
321 486
321 487
322 488
322 489
323 490
323 491
324 492
325 493
325 494
326 495
326 496
327 497
328 498
328 499
329 500
329 501
330 502
331 503
332 504
332 505
333 506
333 507
334 508
334 509
335 510
335 511
336 512
336 513
337 514
338 515
338 516
339 517
339 518
340 519
340 520
341 521
342 522
342 523
343 524
344 525
345 526
345 527
346 528
346 529
347 530
347 531
348 532
349 533
349 534
350 535
351 536
351 537
352 538
353 539
354 540
354 541
355 542
355 543
356 544
357 545
267
528 67
332 345
103 229
153 210
179 365
138 324
133 398
114 325
131 65
159 121
463 511
463 300
49 347
277 65
441 451
174 211
39 261
190 314
196 208
167 107
540 93
231 163
347 235
139 108
394 491
35 73
198 162
133 377
121 344
158 430
278 111
201 64
338 289
116 522
511 293
526 154
135 511
116 252
305 407
403 433
260 415
69 195
171 163
311 323
49 336
521 72
61 422
448 29
458 73
409 412
62 139
353 254
468 204
70 213
484 336
503 534
520 88
485 307
70 396
298 11
131 152
508 272
483 52
419 448
256 531
365 32
147 280
76 1
449 43
480 212
109 115
373 461
251 226
182 17
471 274
183 5
497 230
55 353
355 117
495 352
330 496
420 347
225 509
230 415
385 305
24 495
407 2
508 535
275 290
231 285
183 129
170 291
537 200
533 295
129 149
256 461
251 345
247 97
246 197
77 171
129 512
24 229
27 497
529 13
82 212
301 438
409 365
328 100
194 160
344 351
274 275
65 494
101 474
69 139
306 260
364 181
238 185
448 114
451 358
180 534
298 544
104 221
508 191
42 68
165 510
530 515
5 168
176 79
420 194
136 483
543 451
212 330
397 344
486 298
118 27
239 259
431 185
528 543
532 434
206 237
380 9
307 89
507 301
520 367
304 176
439 379
473 228
328 475
138 100
105 535
470 285
512 8
27 11
77 116
544 30
293 405
403 261
327 36
198 443
153 527
449 142
205 221
395 278
498 503
470 442
180 85
437 430
207 25
85 288
348 302
221 22
225 263
242 375
509 364
24 264
31 308
497 40
415 388
506 71
261 31
433 406
256 174
426 104
206 383
423 200
472 492
536 299
116 173
472 350
267 291
60 437
535 390
116 457
44 280
332 504
284 463
464 511
261 403
310 391
138 180
40 68
453 499
251 65
199 121
350 21
78 339
112 221
228 140
200 151
312 261
265 17
496 130
480 341
140 473
395 497
323 15
39 18
442 107
281 28
164 539
482 346
171 189
461 233
424 14
146 21
232 503
210 371
481 388
524 67
269 290
166 421
26 451
515 309
448 451
69 81
212 375
105 257
221 120
83 492
38 352
246 153
413 285
163 496
329 134
241 309
538 391
207 406
537 123
229 235
33 141
195 198
363 453
183 272
518 46
27 207
65 112
191 499
38 217
9 79
281 425
349 169
382 313
447 40
440 80
20 5
359 188
131 342
